centre de gravite
0.308764 0.941503 -0.024308 
4.082698 -0.169403 91.182754

15 pour jambes droites
-3.763102 0.146326 -8.330477
0.000000 15.979581 0.000000
10.827821 -11.732542 -10.615606
0.000000 5.599498 0.000000
0.000000 0.000000 0.000000

15 pour jambe gauche

7.410968 0.907912 4.657629 
0.000000 11.622666 0.000000 
-14.297794 -8.318007 6.169833
0.000000 7.111289 0.000000 
0.000000 0.000000 0.000000

9 pour colonne
colonne vertebrale
 
1.428292 -0.523495 -1.483331 
0.000000 16.337033 0.000000 
0.000000 0.000000 0.000000


15 bras droit

11.416418 1.285160 6.337761 
65.955645 -9.943743 54.501824 
0.000000 -30.482750 0.000000
4.857764 16.776436 -38.239834 
0.000000 0.000000 0.000000 

15 bras gauche

-12.685247 1.035279 -4.589327 
-62.325948 -4.675770 -49.958363 
0.000000 -30.686041 0.000000
-4.196369 13.659111 28.837873 
 0.000000 0.000000 0.000000 

 9 pour la tete
 0.000000 0.000000 0.000000
 0.386473 3.295756 2.536524 
 0.000000 0.000000 0.000000 
