   1 	Hips    0,0000000000000000   0,0000000000000000   0,0000000000000000
   2 	RightHip    0,0020109445721274   0,0004359737479972   0,0986575444140938
   3 	RightKnee    0,0309088784202069  -0,4113919760608679   0,1270535129930834
   4 	RightAnkle   -0,0620208505699306  -0,8544362632126365   0,1414381050276481
   5 	RightToe    0,0535617090656249  -0,8991616407730914   0,1782085233441158
   6 	RightToeEnd    0,1053156592620869  -0,9011801478114100   0,1970719098480921
   7 	LeftHip   -0,0020109445721274  -0,0004359737479972  -0,0986575444140938
   8 	LeftKnee    0,0195746191543015  -0,4104027557034769  -0,1506669953598644
   9 	LeftAnkle   -0,0478490537348324  -0,8558653442830368  -0,1970159101922194
  10 	LeftToe    0,0714430775843988  -0,8987910471464158  -0,2222849147630411
  11 	LeftToeEnd    0,1248193375949101  -0,9014428783118559  -0,2357873493864818
  12 	Chest   -0,0128194672118914   0,1796012843071341  -0,0005323688864252
  13 	Chest2   -0,0301761425666637   0,3964263086635688   0,0042873632078493
  14 	Chest3   -0,0203724823188547   0,4434997849195493   0,0053833992123517
  15 	LeftCollar   -0,0104956673350585   0,4910235748934925  -0,0135153607545985
  16 	LeftShoulder   -0,0209392555490422   0,5301489873318688  -0,1718891197165670
  17 	LeftElbow   -0,0146902906555142   0,4729147742474807  -0,4514102756446476
  18 	LeftWrist    0,0903550303503100   0,5214806625868726  -0,7013583274966055
  19 	LeftFinger0    0,1025402869577003   0,5237015622932360  -0,7924188201754085
  20 	RightCollar   -0,0106419768070330   0,4901229474575673   0,0264742311883067
  21 	RightShoulder   -0,0166855439233448   0,5244577267612157   0,1861824407070424
  22 	RightElbow   -0,0320157034150864   0,4463102464736196   0,4602350613032658
  23 	RightWrist    0,0630234946646666   0,4664743220012764   0,7179716603466932
  24 	RightFinger0    0,0746699336005506   0,4635589219070171   0,8090830597619317
  25 	Neck   -0,0105688220710457   0,4905732611755299   0,0064794352168541
  26 	Head    0,0226463359678914   0,6500599134831706   0,0101928451255714
  27 	HeadTip    0,0486214915299876   0,7465826220285627   0,0131352979435787

